10000
233
201
298
348
135
183
105
245
36
342
291
418
468
236
352
252
310
101
156
17
474
79
238
454
221
238
127
245
395
283
53
141
245
363
75
463
369
113
307
109
354
425
211
235
425
347
201
31
323
313
429
13
19
291
357
229
337
123
81
99
183
479
248
452
309
354
198
62
488
317
77
112
217
426
407
249
286
365
249
28
343
323
263
144
152
376
373
113
341
484
313
122
33
166
339
337
57
362
330
284
231
323
258
146
337
396
278
217
421
469
316
7
51
350
425
28
158
79
43
68
205
1
40
41
200
360
246
484
40
457
185
383
105
500
371
138
360
479
374
199
110
96
148
26
166
137
372
488
351
150
112
258
483
422
231
200
71
400
349
445
155
135
94
349
366
268
356
171
341
301
220
116
181
411
190
416
484
371
228
37
152
172
284
402
112
156
82
250
412
459
20
181
84
200
67
481
201
190
186
42
396
269
5
53
76
417
440
424
167
428
443
336
315
319
63
376
413
347
122
171
26
199
35
207
14
222
264
183
193
274
286
240
240
326
297
5
327
327
284
425
451
242
311
254
417
349
36
243
237
214
194
177
320
44
259
289
139
428
99
489
45
348
360
260
492
273
9
234
424
40
317
374
206
281
246
192
252
149
182
33
58
400
314
121
179
465
17
17
242
450
23
13
483
63
399
487
305
442
57
11
119
341
258
388
281
362
99
4
35
249
319
99
385
99
352
169
261
174
91
326
352
263
275
114
162
391
458
448
290
361
454
259
320
264
248
223
145
110
473
238
483
229
439
123
491
488
124
316
466
13
281
276
23
497
352
354
309
419
400
410
246
333
456
393
216
387
201
121
405
463
434
369
124
74
67
157
404
157
229
465
123
450
470
211
28
432
56
175
203
389
300
255
76
338
71
206
130
63
451
163
377
142
221
237
307
96
415
386
445
209
26
92
196
355
198
455
369
72
58
267
326
272
323
89
424
60
376
420
172
180
385
122
97
306
387
396
472
418
171
28
338
132
279
215
470
402
6
175
453
310
285
90
137
39
439
196
119
33
465
173
114
416
370
277
69
459
277
102
9
1
426
479
351
158
144
194
44
69
181
272
46
324
210
14
3
269
216
129
219
209
415
173
253
100
380
415
17
98
303
73
338
318
365
413
228
263
430
381
134
55
460
239
34
275
175
5
263
34
268
85
345
229
294
300
83
486
297
185
53
146
136
259
458
245
252
290
157
450
48
297
17
91
397
256
336
397
355
365
196
331
374
228
405
217
448
201
4
237
47
206
75
121
319
443
196
72
10
476
38
202
315
149
405
28
109
182
208
341
87
383
131
356
46
264
478
197
447
296
181
180
452
114
413
253
176
436
436
76
283
500
245
343
440
70
303
311
427
193
333
152
258
484
267
151
104
89
296
482
266
459
394
187
453
333
421
285
483
128
360
114
340
484
112
231
237
467
60
150
163
319
257
463
33
313
200
83
295
46
147
344
165
499
294
41
275
252
12
376
277
128
281
132
267
436
8
297
445
305
362
434
275
190
2
439
156
225
162
26
411
88
436
410
315
181
55
12
442
239
450
251
68
335
102
28
208
351
209
114
283
271
179
356
236
295
344
337
304
21
496
361
333
215
80
158
235
73
248
324
486
491
373
337
354
200
148
369
283
150
389
78
233
203
55
338
355
54
351
219
62
368
207
129
487
309
248
459
392
388
388
16
381
231
117
308
377
118
472
289
326
286
132
215
84
3
306
162
29
355
370
335
146
80
273
341
233
282
89
458
480
66
13
165
88
196
152
293
462
239
188
16
391
238
191
491
290
301
392
32
238
304
27
261
352
153
169
76
445
115
165
82
452
190
33
156
360
196
67
126
203
240
408
386
287
121
372
140
258
154
382
461
72
355
242
467
248
471
293
391
60
373
384
102
375
49
480
73
291
130
200
386
157
192
68
143
214
103
428
228
352
212
380
233
137
109
7
271
339
3
312
280
261
438
247
28
69
415
15
377
297
234
478
192
348
156
419
133
205
294
419
196
26
78
338
248
149
145
42
114
113
232
416
403
61
318
424
156
76
295
196
53
227
86
452
407
109
241
126
244
425
55
55
12
242
39
60
61
66
133
8
283
320
159
132
100
102
418
241
214
379
99
500
496
378
100
19
488
330
449
394
299
383
282
174
226
379
358
91
397
342
381
364
115
61
90
199
312
80
354
28
234
310
415
343
149
11
334
89
153
231
312
10
122
333
139
69
428
290
196
112
159
457
207
23
289
454
413
145
141
463
50
326
320
481
110
361
239
211
193
355
163
177
484
84
411
443
11
211
238
100
490
65
297
100
431
177
372
132
105
97
324
3
499
417
424
276
277
279
310
411
147
76
9
280
250
486
270
114
292
75
25
463
44
270
412
263
244
241
482
249
238
460
111
170
80
257
427
44
120
466
293
188
154
252
346
144
171
211
132
440
144
367
51
314
366
350
181
203
256
89
142
227
258
151
155
380
461
126
68
5
456
46
88
189
13
478
95
459
369
173
134
46
247
158
441
176
449
337
106
384
63
104
488
300
61
417
97
158
496
443
71
383
433
238
373
400
73
24
220
104
290
241
383
291
51
345
39
93
270
335
127
195
384
51
479
500
378
497
330
320
188
491
48
377
166
218
196
360
43
150
467
202
351
254
342
58
98
470
267
490
208
99
296
236
475
20
374
96
492
159
404
396
86
434
115
113
44
321
498
301
261
170
317
477
317
235
138
288
1
396
491
443
434
484
492
105
251
116
303
265
207
307
154
26
396
111
141
103
259
137
104
63
67
411
167
79
75
298
486
232
477
462
405
34
148
368
314
182
446
356
23
33
37
109
487
218
353
382
256
110
384
400
455
476
25
340
199
48
371
76
51
29
344
218
347
66
379
145
180
414
142
371
308
458
37
373
245
93
173
58
444
157
218
342
217
194
110
90
20
35
3
254
379
123
461
233
137
199
413
357
434
300
209
413
111
246
155
67
480
19
29
190
475
444
136
49
321
30
84
244
463
349
281
401
481
379
395
197
33
402
448
263
499
130
438
216
240
412
224
21
152
157
334
337
25
180
442
253
331
347
429
80
328
72
149
494
241
386
453
266
261
492
162
292
18
282
103
490
109
473
210
172
21
201
499
365
79
102
204
249
484
287
3
68
400
286
206
34
17
414
393
425
161
270
94
230
472
345
93
26
364
10
456
341
279
27
210
93
441
182
490
364
224
17
330
391
117
396
401
471
430
389
101
58
207
303
178
196
313
325
93
254
229
139
264
132
39
462
386
287
165
388
483
428
274
467
440
493
90
355
118
341
104
137
304
175
158
260
437
470
88
338
256
315
271
344
368
12
165
477
243
69
174
405
440
30
190
472
42
357
172
269
403
123
150
147
214
405
454
257
442
29
482
133
306
281
324
442
252
369
91
131
66
437
429
407
309
22
175
35
177
25
85
304
71
254
255
421
223
328
27
251
449
132
368
381
90
118
158
193
192
199
99
21
473
162
127
440
54
175
124
333
395
417
39
219
373
452
240
498
355
55
116
277
132
499
243
363
112
127
375
191
385
197
77
182
5
100
464
37
334
326
359
324
394
72
425
195
343
87
204
90
199
181
381
141
19
251
497
58
473
416
230
48
131
235
23
74
404
145
254
340
308
458
452
160
91
20
428
68
198
293
392
169
41
413
496
265
75
185
241
280
238
56
163
445
11
41
208
106
319
482
277
277
26
88
181
215
71
486
394
308
317
223
167
481
443
220
21
224
190
211
454
148
348
405
260
416
312
392
54
250
32
199
405
467
260
51
325
250
215
403
62
298
364
75
269
397
246
17
173
374
390
229
421
232
205
298
197
266
127
474
298
406
44
60
271
218
475
137
250
89
437
428
379
313
95
104
246
123
393
123
420
423
448
367
152
129
4
123
142
492
450
55
33
334
391
349
76
387
207
151
300
347
231
357
50
62
464
468
11
80
6
304
447
188
107
25
376
308
310
60
331
438
282
386
193
145
290
207
85
191
72
161
300
198
229
315
295
191
196
320
282
218
328
220
131
106
157
45
283
277
251
298
482
474
56
344
170
366
418
207
237
468
355
62
240
365
269
261
184
444
118
123
229
200
329
253
222
294
189
105
150
276
298
80
155
17
314
96
44
250
173
400
193
155
70
456
366
123
459
409
22
74
192
493
266
438
108
463
476
255
136
262
72
106
294
440
36
148
347
429
275
466
292
28
347
421
14
311
265
87
171
10
484
494
291
449
363
450
251
162
243
216
178
403
439
418
16
233
231
314
124
310
368
24
68
177
117
498
108
106
112
182
70
192
315
247
432
364
353
108
290
172
298
34
489
200
429
478
268
421
181
183
131
286
103
364
139
419
218
479
401
330
403
177
348
495
75
236
316
437
288
465
8
343
456
211
261
288
371
315
245
139
79
314
111
121
98
206
466
155
37
417
346
137
76
1
464
362
495
444
479
450
313
213
403
38
162
414
110
258
124
136
28
465
103
272
198
26
323
145
62
291
213
299
418
494
59
117
6
282
328
290
102
182
211
45
89
296
192
156
315
137
416
412
137
179
167
464
475
406
440
256
41
244
73
358
437
240
337
223
84
482
477
500
433
172
433
388
192
286
35
357
228
355
63
450
378
475
398
365
92
169
16
243
472
100
312
32
262
40
466
149
365
116
465
476
417
315
392
274
329
85
204
281
285
395
115
55
88
272
185
91
203
337
283
61
308
200
310
137
185
246
82
308
286
267
288
314
242
456
289
182
486
420
145
166
107
23
173
369
436
319
313
77
454
278
222
412
441
52
63
229
198
222
174
85
51
84
224
407
102
357
323
269
57
141
177
59
33
476
381
406
437
61
132
45
128
44
91
481
459
420
436
143
461
132
8
499
14
430
438
214
379
164
109
60
126
196
408
350
62
285
63
422
114
413
136
429
1
59
209
211
381
242
304
426
359
109
103
71
15
224
244
334
68
29
159
359
462
6
145
493
472
396
90
51
47
283
389
94
439
145
338
237
60
197
478
384
386
348
391
420
152
218
162
197
3
97
310
14
282
100
124
164
313
309
269
134
386
147
234
86
373
77
24
292
134
355
482
223
455
83
289
452
359
251
12
156
129
376
292
118
56
482
176
322
122
367
57
402
426
262
250
341
11
227
224
111
113
192
67
211
363
492
267
390
389
164
164
101
229
237
85
108
16
315
468
371
109
199
282
291
140
112
193
94
172
352
338
118
157
98
202
310
165
213
371
20
460
223
162
463
359
477
240
490
260
131
104
75
16
41
17
138
290
358
213
23
47
386
450
249
205
177
495
329
352
433
53
307
342
131
317
224
275
377
148
60
42
258
38
13
324
247
442
373
440
305
497
183
447
473
402
272
383
307
37
345
366
367
80
482
6
53
453
171
443
346
442
338
195
486
442
277
239
81
120
385
218
152
84
393
272
140
329
36
220
353
120
280
354
332
99
331
386
178
212
281
241
197
322
133
449
216
347
322
382
479
235
453
457
283
96
358
193
88
191
236
271
439
386
426
126
489
16
297
186
146
280
47
377
347
256
259
5
171
180
463
224
280
460
339
110
12
398
384
387
486
434
319
27
335
1
198
253
312
100
470
389
62
286
224
398
287
348
365
88
229
343
47
488
354
393
363
170
401
389
286
72
118
432
160
87
213
307
204
273
74
405
65
164
322
355
148
337
400
460
363
212
102
376
32
353
6
102
67
399
405
86
243
210
113
163
239
192
59
146
96
309
198
395
379
356
23
475
243
462
161
195
193
24
390
475
34
212
242
282
143
124
360
84
385
70
55
179
129
193
268
274
243
398
21
318
182
62
306
394
227
443
416
70
386
185
186
350
496
57
361
383
135
50
395
128
40
34
442
309
24
318
192
176
336
500
384
261
220
263
455
449
274
128
329
401
255
217
422
96
172
374
491
78
135
20
48
325
122
22
309
54
3
11
273
465
411
26
394
173
380
112
152
85
478
223
435
104
297
445
51
308
271
88
136
405
105
420
182
301
353
36
415
322
2
155
332
20
435
108
255
389
165
262
373
391
322
46
305
400
285
31
133
285
390
457
93
363
449
197
73
35
75
179
248
436
150
253
499
103
378
314
334
202
406
305
199
479
273
491
19
30
330
496
51
383
272
134
467
233
414
39
94
494
124
333
459
466
175
192
389
444
496
394
254
332
495
239
247
16
255
11
326
208
356
205
247
123
339
50
245
161
38
20
470
337
487
304
40
24
215
313
455
202
284
90
182
199
324
278
313
257
237
382
484
290
107
90
267
469
111
64
342
393
363
314
303
249
364
357
118
152
194
321
473
64
9
160
170
411
201
152
338
215
264
163
375
460
308
223
235
385
191
325
101
466
326
210
309
478
279
447
188
23
83
339
253
262
288
179
448
260
442
64
428
403
367
75
30
129
35
302
419
222
113
422
21
36
191
460
308
188
435
353
463
19
373
14
274
500
194
218
381
138
58
390
26
327
297
310
375
445
179
478
347
342
369
15
159
264
476
370
345
62
278
182
491
153
328
413
111
26
424
2
118
285
365
23
118
31
482
428
125
391
294
186
65
177
180
414
239
26
300
162
261
253
33
480
273
115
246
388
143
154
70
119
136
239
83
260
21
353
406
499
170
264
480
153
15
260
251
123
7
25
131
22
144
139
204
229
300
81
194
155
64
162
197
342
149
481
354
151
119
70
6
259
313
72
30
222
356
24
84
460
203
466
137
165
493
77
233
423
124
335
255
330
141
6
183
46
470
470
361
414
452
214
264
310
500
165
146
440
255
242
15
455
228
352
71
326
455
137
372
345
235
13
232
132
211
398
484
211
377
470
222
249
416
184
65
427
20
432
199
497
461
396
392
24
285
191
445
433
324
127
58
457
406
203
87
218
91
493
311
186
331
495
308
476
484
9
11
223
282
322
337
129
251
338
27
151
395
255
123
330
380
497
280
345
8
317
358
149
226
272
82
133
480
488
345
35
490
123
98
103
435
333
22
133
495
466
216
266
382
485
250
89
139
310
15
146
445
220
411
443
97
209
236
280
302
452
33
448
454
282
96
161
74
304
5
403
260
242
474
61
167
451
344
237
322
338
232
358
40
466
209
406
396
488
191
184
436
302
186
338
305
465
207
202
225
29
82
331
20
147
331
65
119
458
248
430
121
103
207
306
116
270
167
74
371
458
15
234
132
166
240
451
286
344
115
83
21
46
370
404
254
131
59
3
7
170
313
17
125
404
407
108
499
318
149
260
51
427
143
160
189
476
360
321
456
28
407
327
443
491
210
40
104
411
270
55
93
302
407
210
46
413
304
412
173
219
179
440
303
403
434
403
31
136
132
357
74
415
389
94
82
20
174
13
265
80
134
55
128
297
251
220
18
317
358
474
153
17
430
53
152
462
238
214
364
330
73
383
14
354
208
430
231
206
54
407
398
135
187
185
10
246
121
131
36
411
237
473
6
320
344
244
402
133
481
426
61
336
496
72
308
497
477
268
108
338
22
411
385
300
185
147
394
288
174
241
276
204
161
212
291
236
293
68
320
242
101
472
177
321
234
12
20
358
43
266
362
306
187
366
197
471
57
285
476
457
299
294
326
272
489
175
473
371
194
121
238
378
387
53
498
367
405
63
344
265
14
305
95
333
373
87
253
134
392
410
361
294
393
220
375
272
147
32
126
233
499
101
10
218
266
378
109
132
243
258
159
84
399
285
386
150
163
114
24
376
86
274
63
490
491
271
87
295
385
23
235
358
412
383
272
218
476
392
211
85
83
270
240
5
285
42
279
173
31
182
120
412
92
76
48
457
99
453
336
131
396
216
321
455
431
308
153
116
199
273
292
45
295
22
261
155
423
41
361
147
2
11
40
150
426
479
166
5
51
155
9
68
431
396
340
39
53
161
218
416
463
397
438
103
183
220
374
175
354
401
155
64
178
52
456
423
80
68
270
134
495
8
344
57
328
116
345
399
491
435
107
172
371
247
95
308
50
14
29
44
294
162
221
433
333
412
250
304
187
44
358
451
342
314
360
183
291
273
22
121
8
446
86
308
371
26
254
310
415
131
145
492
268
313
267
321
282
5
274
90
498
192
40
443
189
464
412
222
55
269
203
277
121
420
373
210
181
52
255
455
215
288
446
91
214
162
35
449
338
451
324
99
479
4
296
167
382
240
162
42
457
89
114
47
262
332
451
277
413
463
235
242
64
95
314
397
86
337
10
222
50
235
416
186
436
95
279
82
262
181
243
239
388
39
203
338
200
331
494
460
198
300
356
222
53
366
443
115
42
357
271
368
26
117
204
67
164
262
376
358
353
300
161
185
166
341
158
295
94
383
245
2
300
123
495
27
305
81
401
478
61
314
462
208
26
166
424
483
21
318
415
20
408
145
459
161
198
420
181
395
462
286
474
463
256
392
301
152
172
440
396
187
46
41
126
429
145
126
179
414
174
483
382
23
95
10
363
39
212
228
138
359
267
254
202
135
90
477
236
332
398
86
266
474
168
319
73
138
304
438
50
90
481
55
6
2
272
431
24
194
231
414
13
135
102
213
112
356
86
407
403
99
430
201
311
443
431
85
285
253
425
451
431
27
381
61
183
249
128
252
424
368
458
106
144
168
57
124
381
218
494
204
89
251
236
134
458
286
359
262
267
489
138
115
138
36
354
348
415
164
349
115
379
236
167
190
126
416
338
278
367
212
455
83
147
148
500
410
487
406
301
419
221
475
145
379
272
313
81
465
440
241
274
256
380
35
152
99
392
2
212
42
167
11
287
345
307
382
111
285
478
439
41
15
220
116
428
419
388
180
358
260
29
256
159
276
371
75
426
68
199
199
406
422
93
488
469
386
108
33
68
5
498
135
378
314
397
168
67
493
211
133
86
319
197
303
261
37
302
390
374
294
314
40
349
222
108
212
372
374
131
44
305
232
160
320
374
404
420
288
338
115
127
337
492
450
356
97
458
77
348
353
135
448
426
358
156
87
39
263
462
406
448
492
87
420
498
209
85
240
111
368
82
334
123
487
278
336
341
210
491
332
478
236
459
260
467
243
241
126
299
216
439
212
329
429
109
359
273
222
342
234
228
133
478
450
255
405
459
196
254
484
423
31
89
313
359
250
22
448
377
46
5
25
295
441
472
201
307
267
289
160
455
418
464
342
262
497
389
115
52
473
398
158
14
394
249
217
109
372
160
358
78
381
472
176
411
471
68
407
375
244
475
204
200
280
230
339
257
421
259
384
98
429
447
217
384
50
126
168
403
354
257
168
167
415
311
190
104
288
359
142
111
221
448
404
233
385
457
76
406
197
276
117
169
426
349
316
205
103
496
316
386
157
427
222
221
460
482
163
318
316
176
366
341
267
148
176
452
483
119
74
135
470
443
93
384
399
292
307
142
34
4
372
162
393
432
102
492
363
166
145
131
191
134
9
145
337
466
194
421
295
427
12
28
399
193
138
492
32
442
125
475
259
351
165
166
315
190
340
253
297
299
282
273
179
175
328
390
150
281
191
173
77
287
28
372
38
361
321
159
211
23
132
242
62
437
4
279
104
497
462
69
64
261
26
47
238
307
76
442
60
178
161
223
265
86
174
352
355
444
379
368
223
208
261
351
141
363
241
28
113
487
301
445
363
267
38
293
176
213
234
317
54
345
206
311
68
161
44
170
361
19
200
326
154
131
135
362
356
311
356
455
16
53
307
307
407
464
427
201
495
237
229
427
159
231
291
245
37
388
242
370
5
29
67
117
297
190
45
123
89
304
141
201
464
135
112
29
271
263
11
168
31
187
474
390
383
111
403
385
443
263
401
189
326
444
276
68
465
271
246
384
429
201
108
457
276
64
5
105
66
81
446
197
239
316
45
149
434
84
484
106
184
457
479
428
159
468
22
226
464
229
130
444
364
496
223
310
385
457
409
181
263
201
3
144
196
340
123
488
431
436
397
214
162
425
415
225
306
347
250
422
202
133
41
245
176
193
220
360
79
265
282
383
234
69
417
247
404
487
462
281
303
282
417
485
388
409
101
362
312
366
289
485
237
258
285
322
434
214
223
478
114
328
457
190
106
465
255
444
400
438
381
273
41
131
99
237
58
89
220
458
455
13
423
368
305
427
313
500
264
22
409
24
425
461
222
361
492
450
406
76
155
230
18
158
175
309
80
135
402
425
12
46
269
136
40
364
38
225
66
229
30
394
82
109
91
137
481
364
87
38
200
483
9
277
228
330
291
252
268
39
47
480
53
418
65
340
311
263
78
48
277
349
44
45
249
166
217
99
217
212
292
275
222
405
429
159
16
66
376
271
191
342
387
48
404
121
38
474
162
223
395
187
338
220
385
125
114
459
346
325
375
67
185
63
287
182
351
192
384
6
184
143
326
379
326
140
334
162
8
26
89
279
220
264
215
269
364
237
379
406
404
252
278
150
36
410
187
288
459
257
475
392
412
322
168
38
378
259
136
438
418
406
15
194
67
247
430
326
46
500
379
133
288
331
327
45
384
91
165
398
130
57
16
413
411
447
83
367
254
25
221
357
92
451
322
175
138
137
43
4
301
32
60
132
8
271
457
278
92
262
141
96
484
115
117
492
256
158
89
172
260
451
396
54
264
350
53
60
299
421
113
99
222
173
499
260
286
268
428
155
403
145
306
235
134
210
490
144
428
85
165
46
85
351
218
256
158
61
119
277
47
139
324
447
486
320
392
81
24
237
282
390
113
180
401
378
131
466
4
25
131
252
450
414
44
185
285
160
29
411
278
169
235
443
97
17
232
470
20
222
122
96
464
392
424
462
452
14
19
75
283
216
481
425
152
175
96
296
60
461
482
372
35
33
409
36
480
324
70
260
36
492
499
401
485
301
92
379
354
306
189
430
322
126
433
305
102
254
203
116
39
218
420
354
483
213
83
321
22
29
85
64
54
32
414
425
78
436
2
182
290
91
436
339
425
325
97
169
388
16
354
46
367
141
462
348
106
388
66
141
451
108
219
218
77
202
13
346
448
107
340
443
114
196
51
311
465
45
76
266
320
100
172
42
52
345
188
220
161
329
251
320
87
476
400
164
352
417
46
189
194
142
348
403
334
325
460
267
277
63
61
497
105
205
481
361
487
440
206
341
337
148
328
121
429
384
44
65
414
368
108
99
63
398
204
484
278
180
329
328
446
203
141
121
209
147
248
224
248
48
489
255
221
340
443
287
42
28
387
145
124
344
351
334
312
330
146
345
275
76
269
33
482
400
212
109
216
68
384
389
186
406
213
458
79
482
402
471
427
4
270
469
46
111
178
381
242
454
163
485
355
468
308
489
335
393
387
9
491
496
303
36
107
251
200
490
190
8
53
394
450
106
128
212
137
76
71
433
496
148
376
202
44
416
263
331
108
66
4
12
159
465
494
21
396
99
234
250
230
57
499
207
45
441
105
334
178
10
337
329
445
56
234
201
333
219
447
293
38
35
480
343
35
222
486
263
71
484
234
337
185
86
234
202
405
326
2
349
30
487
344
500
48
165
249
366
296
46
137
210
343
247
245
184
355
460
292
93
387
162
257
103
155
2
5
50
410
52
8
388
301
12
433
199
219
353
457
272
472
298
270
250
324
340
398
279
136
467
404
353
339
126
50
405
262
408
301
461
238
446
142
468
380
228
308
419
294
446
495
401
3
292
37
322
495
201
300
303
101
73
338
40
79
56
293
307
363
338
90
237
84
110
189
18
122
498
244
27
270
275
261
30
283
129
33
15
341
468
297
393
451
116
251
366
141
136
350
164
65
418
405
258
252
9
467
311
301
427
439
202
375
205
320
99
390
57
165
219
263
210
159
391
106
42
322
431
61
292
377
451
11
110
496
282
291
36
38
60
27
87
200
314
348
477
329
373
198
332
52
112
1
339
269
87
198
465
131
90
81
222
195
120
293
465
275
282
9
233
204
390
80
287
44
178
463
330
495
457
416
393
437
386
91
394
451
250
245
423
48
26
50
206
336
265
181
388
129
211
429
357
38
460
128
78
232
341
386
4
185
269
37
196
478
375
159
182
128
112
481
391
337
108
197
454
416
189
212
495
98
82
86
468
383
255
362
495
169
131
104
166
238
408
357
419
69
460
251
319
449
185
316
172
57
442
412
390
144
328
463
262
457
21
47
401
213
490
264
373
279
390
413
483
152
491
35
391
259
416
384
387
434
434
254
236
401
157
252
381
481
142
72
474
497
79
461
471
201
424
286
26
139
223
90
42
19
319
481
98
395
402
468
57
329
148
348
238
147
221
461
483
363
186
156
240
409
283
52
96
45
404
239
158
352
381
168
179
459
2
402
498
158
23
431
186
111
78
478
91
313
403
62
74
310
421
154
56
277
327
246
391
132
386
341
481
3
277
425
78
3
7
136
195
84
472
39
95
1
319
154
60
329
277
101
48
85
76
254
152
182
482
441
275
100
406
417
462
357
320
403
111
199
97
101
187
414
9
326
73
476
223
109
327
310
313
128
177
215
232
421
409
31
211
342
46
234
294
317
427
320
163
178
73
434
37
478
311
247
461
280
187
223
191
129
436
60
296
173
326
255
246
95
342
208
97
333
222
310
485
430
475
276
208
100
52
480
166
344
471
111
208
194
61
473
440
449
73
3
5
375
367
176
166
264
403
120
169
93
48
163
392
202
313
276
415
297
97
108
293
160
292
13
420
300
101
101
213
188
48
388
352
73
318
173
280
305
360
461
404
226
118
265
183
248
291
362
141
225
434
94
2
43
375
331
397
114
88
76
210
85
238
58
25
409
396
98
84
490
34
248
349
198
287
235
481
447
165
473
268
477
168
475
382
406
405
341
106
177
257
21
417
259
209
40
356
386
479
347
290
36
151
316
299
359
265
89
140
100
22
68
120
178
269
126
364
287
182
314
13
262
360
316
268
463
202
32
87
210
239
370
5
304
78
111
273
365
309
373
357
302
303
206
347
62
452
220
500
291
229
378
308
15
123
378
416
15
440
465
399
7
336
281
87
233
498
211
274
101
206
257
190
177
207
499
156
466
76
109
79
48
360
456
297
493
385
446
313
383
136
228
41
192
451
431
349
362
452
377
469
230
259
296
307
277
134
122
3
333
164
71
140
30
358
489
278
241
117
418
337
79
107
495
119
432
293
162
483
95
337
497
23
304
414
17
312
56
299
442
274
8
68
122
461
165
310
67
422
343
333
427
62
184
437
293
36
424
11
148
169
433
61
68
142
457
244
259
113
46
115
321
122
282
460
10
95
335
58
415
433
399
267
253
110
57
230
129
259
480
481
353
420
285
321
6
49
305
447
70
101
234
339
322
258
110
209
466
150
91
302
106
351
315
92
134
136
167
391
209
314
312
432
169
256
251
82
269
9
437
45
366
21
37
380
304
469
63
20
370
244
388
391
5
11
36
382
236
365
131
9
182
141
420
43
292
403
179
206
449
70
165
222
150
47
474
3
171
30
390
363
148
343
97
223
241
98
266
358
222
342
453
82
434
148
215
288
400
15
98
483
399
274
121
452
198
57
221
480
400
166
225
251
328
38
450
13
270
367
418
411
44
418
419
174
164
283
442
118
483
269
164
44
259
395
375
28
316
489
496
42
178
497
83
384
163
155
326
248
323
318
338
141
485
217
28
394
442
77
253
351
450
300
333
259
301
120
399
449
462
496
236
356
326
278
356
481
497
203
442
62
375
310
354
105
234
306
144
290
420
84
159
219
222
35
384
109
11
386
412
93
100
266
33
271
316
430
168
26
176
296
496
280
455
213
46
128
187
395
367
490
282
384
46
53
494
168
196
175
163
209
21
375
302
184
97
140
148
326
132
363
445
317
307
188
284
154
350
167
120
206
157
410
386
497
365
427
33
270
106
446
477
298
496
289
479
24
209
364
158
386
217
236
113
50
13
272
324
18
276
437
447
39
37
79
356
372
30
409
145
232
403
153
51
338
58
198
343
333
347
285
285
2
217
86
490
396
470
402
253
40
440
10
42
219
313
225
58
246
195
374
290
367
422
199
255
184
118
438
219
433
118
89
393
137
285
404
72
360
366
424
198
61
140
499
321
405
109
340
472
23
478
268
144
335
336
18
387
172
90
383
367
26
231
468
438
122
356
42
495
346
194
364
269
424
95
283
196
389
315
422
306
350
367
440
25
235
308
293
434
7
139
112
418
114
19
144
410
121
85
471
262
486
386
105
130
452
296
194
247
76
237
211
327
328
271
463
469
316
118
54
415
99
244
437
467
295
406
427
415
75
9
488
23
62
26
384
472
131
266
134
35
385
283
105
99
245
252
332
484
351
260
359
299
443
492
5
108
403
181
394
13
105
49
336
217
13
411
313
322
64
2
56
212
484
122
295
400
188
235
244
454
161
396
368
347
329
2
424
385
139
175
235
46
339
324
138
132
226
240
9
461
386
494
499
17
81
100
100
390
422
438
307
322
26
118
94
271
234
74
144
72
236
36
123
495
141
56
419
384
394
8
395
450
436
152
286
94
161
225
63
60
175
264
111
317
283
306
177
333
97
338
352
344
73
332
379
221
106
471
285
404
304
1
129
311
241
352
32
35
486
421
283
332
76
173
166
220
315
375
37
264
464
352
253
417
60
187
402
74
197
210
346
114
159
81
290
258
491
181
137
436
386
360
38
97
45
51
210
239
88
58
370
113
125
331
230
149
367
210
454
106
49
323
488
27
186
420
381
77
65
103
149
173
121
403
10
70
153
402
23
220
271
403
410
370
236
423
188
349
59
389
382
278
313
462
154
87
362
432
208
202
314
460
318
5
135
401
295
368
407
293
471
378
279
115
109
360
152
487
429
13
479
148
448
303
372
365
333
401
30
492
308
403
483
324
56
210
259
107
66
247
73
20
35
401
439
394
205
33
414
462
187
361
461
387
146
10
418
202
412
154
298
145
241
487
9
348
403
42
495
164
271
494
399
44
254
332
487
235
274
163
310
164
207
99
303
397
258
10
113
121
203
159
329
322
93
286
480
193
375
69
277
139
224
363
208
482
154
55
93
447
149
83
449
204
457
351
180
43
386
372
340
458
33
202
29
76
220
499
458
157
340
499
239
192
475
150
352
420
55
164
6
365
118
208
487
129
173
368
161
89
310
187
339
271
120
4
166
340
296
370
225
27
210
30
425
255
252
449
136
267
338
172
196
282
141
177
40
126
159
4
250
259
22
342
370
197
217
121
355
192
36
454
320
51
8
3
284
186
263
205
451
432
200
485
12
493
223
286
11
174
3
403
98
317
454
375
287
286
329
494
434
119
331
8
122
421
88
443
444
29
351
20
68
277
72
15
209
290
35
461
75
428
297
145
242
390
491
326
28
6
102
425
330
91
478
440
230
399
95
314
481
83
208
234
390
120
34
79
356
99
243
132
430
241
406
13
393
495
379
372
326
394
300
474
413
4
371
95
360
149
198
16
201
427
475
270
81
266
54
375
329
315
330
424
314
441
302
319
372
257
178
367
364
447
14
67
106
87
172
400
380
123
187
433
113
268
319
269
461
362
91
314
259
441
33
445
108
269
462
56
252
390
320
174
396
320
290
220
37
336
359
239
270
25
102
349
183
289
439
92
430
443
218
20
150
218
377
159
34
430
425
72
88
202
29
95
113
431
471
497
250
295
313
131
471
350
24
90
184
333
345
489
361
495
245
205
337
8
58
169
120
28
445
26
433
196
391
297
256
404
168
317
352
323
132
276
82
50
51
184
273
146
191
43
294
433
439
47
291
15
2
428
323
239
149
28
457
307
269
281
129
478
295
331
9
64
352
104
73
315
329
326
283
155
442
168
348
294
486
289
220
244
19
226
138
444
188
464
280
437
406
475
143
235
114
69
299
202
484
290
83
477
403
16
489
33
432
357
401
242
383
438
33
61
179
319
69
246
381
496
51
278
262
202
322
187
37
17
234
12
475
432
27
316
230
461
167
258
345
217
92
282
301
370
220
481
16
302
216
67
182
187
118
220
240
320
268
123
375
369
124
2
136
410
20
336
163
109
337
176
119
91
122
242
3
166
372
45
465
124
9
295
471
432
50
8
320
147
257
47
230
253
229
21
288
495
224
419
41
187
384
21
423
429
499
387
348
102
211
494
185
60
438
403
72
247
157
424
186
234
235
257
305
337
7
65
346
361
12
384
477
189
303
135
272
366
216
82
257
250
492
400
80
4
89
47
237
173
235
357
308
54
483
493
294
149
211
161
170
473
411
386
100
373
91
78
36
61
403
89
484
119
422
78
246
419
444
288
136
217
303
232
251
13
19
127
391
392
154
98
365
58
493
411
139
134
490
346
484
105
114
76
90
254
294
188
57
404
169
259
483
178
107
55
55
208
447
233
431
206
33
23
249
474
355
279
233
123
199
415
93
111
50
96
345
468
166
70
483
148
131
409
6
80
147
96
133
423
446
89
425
393
207
159
307
247
490
121
117
34
495
387
94
46
493
27
429
88
418
158
354
80
62
74
52
113
376
499
140
71
381
220
90
149
482
37
194
236
10
225
495
473
264
91
477
349
198
388
154
129
272
214
295
290
84
498
290
280
220
166
107
246
48
312
99
498
201
240
149
179
312
117
344
155
472
396
159
343
325
365
382
411
437
93
238
368
160
57
158
61
347
4
265
376
344
464
53
407
113
290
191
435
273
217
455
102
140
80
220
300
451
470
28
365
200
140
441
232
114
457
425
406
211
111
174
187
446
272
196
131
484
431
87
27
456
159
456
448
204
383
66
247
40
102
471
32
326
497
76
398
284
499
43
49
206
108
39
85
246
395
394
101
439
188
243
331
380
335
408
64
111
278
272
7
88
137
219
384
381
140
43
338
208
223
146
188
187
440
135
92
363
109
208
407
167
188
466
386
72
437
298
435
183
31
298
466
71
66
258
12
299
64
45
250
24
139
93
454
188
264
451
57
65
159
405
20
20
402
144
274
337
248
77
116
239
81
412
298
377
92
158
164
33
118
142
167
12
288
9
1
493
343
223
346
351
391
484
23
142
59
60
460
419
181
294
427
364
66
447
72
291
206
125
178
457
381
134
332
244
446
178
147
207
329
59
219
376
47
399
368
177
477
449
310
12
102
313
487
402
71
463
413
471
175
166
486
204
265
243
354
274
301
458
19
226
354
448
93
235
237
235
271
326
207
465
190
375
178
237
36
93
96
39
450
33
357
70
194
44
24
194
261
443
63
429
434
190
4
309
85
120
144
478
109
82
98
192
83
495
381
365
198
389
241
454
194
31
446
396
419
156
24
80
216
417
306
320
68
366
310
399
116
200
195
385
189
224
22
261
139
425
86
281
203
310
99
276
358
491
120
320
332
221
114
22
487
222
345
435
78
343
217
132
403
382
418
235
435
417
257
462
281
144
132
377
297
320
2
57
323
334
197
241
131
389
383
263
205
463
240
158
470
94
126
339
340
206
92
342
127
174
83
230
314
265
365
462
438
391
135
128
11
456
87
128
70
335
120
110
35
31
230
96
444
265
47
468
139
326
450
60
260
429
201
387
189
40
146
19
140
404
122
132
42
78
483
476
335
82
311
152
230
151
395
167
172
27
114
218
164
179
18
68
487
83
80
302
428
33
434
168
113
85
46
280
11
330
172
143
201
99
266
87
376
101
454
271
268
30
459
214
373
371
274
323
40
132
494
484
297
496
239
331
334
228
214
392
88
64
430
274
51
158
7
133
257
134
209
331
144
167
151
328
264
135
334
471
98
36
475
70
303
110
259
267
268
336
12
59
47
469
411
429
169
359
404
80
297
437
23
321
422
165
231
349
177
242
117
411
45
128
457
188
337
421
464
435
19
128
204
500
409
388
439
389
392
482
25
401
183
200
232
259
434
275
128
110
203
436
118
35
316
183
463
347
400
192
430
280
196
25
306
266
477
81
212
289
358
28
374
340
137
24
137
93
296
339
341
93
327
359
7
65
204
128
60
492
110
193
358
489
353
106
467
108
48
277
313
469
27
479
449
363
222
417
145
317
241
209
216
105
75
83
338
425
215
290
49
64
207
30
318
21
110
370
351
376
399
62
317
138
351
159
221
163
245
55
394
247
303
408
15
413
428
386
424
43
284
241
328
42
454
93
492
142
193
237
212
211
44
425
391
254
20
152
174
173
62
324
300
439
408
272
457
484
414
333
460
489
338
387
221
247
98
298
153
302
151
231
129
220
369
352
334
21
315
309
241
4
434
443
322
276
451
335
27
390
360
352
115
130
101
438
493
377
471
21
137
230
289
209
309
481
439
456
297
41
460
423
329
434
402
88
103
413
491
476
158
422
143
147
382
306
125
180
248
222
377
380
244
174
452
390
468
249
107
468
441
342
61
213
198
161
52
263
420
82
208
329
239
301
294
31
400
375
6
158
124
313
413
195
135
86
302
436
5
411
488
10
53
254
87
306
19
178
418
458
372
293
8
206
171
489
354
66
135
239
392
266
169
221
365
110
364
239
426
75
29
257
356
188
222
365
38
396
335
278
486
20
483
467
389
19
185
383
32
348
394
262
495
291
341
142
483
164
197
46
215
474
200
70
109
256
180
265
447
362
145
436
37
375
272
480
319
68
308
294
356
422
212
479
252
216
470
477
445
375
30
422
115
33
457
126
103
95
49
233
451
142
95
214
268
268
215
442
241
66
442
41
434
249
191
354
150
233
92
257
54
402
65
450
468
224
92
405
39
428
283
5
104
354
180
77
299
224
406
474
120
3
422
266
115
337
444
118
183
64
26
440
149
455
159
124
269
447
67
91
488
230
332
497
92
348
166
396
185
262
387
428
72
11
284
467
449
17
452
289
128
320
331
27
119
80
386
100
11
236
217
63
458
450
115
179
234
192
332
389
165
380
291
376
101
327
106
360
489
23
316
151
376
292
17
146
19
135
212
312
241
33
147
352
91
170
345
158
464
299
324
86
397
149
302
279
284
136
65
106
201
189
118
398
334
128
484
378
98
329
347
34
372
335
499
466
309
412
52
390
494
135
95
79
90
357
493
69
286
278
462
442
11
320
4
405
204
23
293
40
498
245
40
220
82
252
469
233
392
471
357
163
104
91
176
373
310
220
493
34
478
79
51
361
309
477
52
431
345
149
428
209
197
369
359
140
147
285
190
99
450
242
156
318
480
316
498
184
57
291
358
457
205
212
279
69
374
426
33
43
158
216
283
164
291
353
159
456
281
259
270
258
283
338
323
385
433
475
429
191
470
457
373
218
124
455
41
331
265
396
254
462
290
414
72
298
48
277
472
57
231
243
133
447
6
215
68
7
448
305
287
377
101
365
95
418
320
196
400
385
408
123
270
148
41
292
106
71
474
31
417
31
269
123
70
314
113
266
24
251
482
296
73
430
6
11
232
199
174
205
463
95
187
34
122
398
120
353
353
292
264
176
392
487
469
459
80
94
200
66
481
173
243
33
440
158
22
127
293
99
419
233
211
202
420
31
89
95
218
291
250
294
146
146
300
384
216
338
336
71
446
284
289
387
318
194
281
317
343
111
113
239
330
345
311
212
188
351
468
405
445
28
421
203
426
131
350
110
46
462
58
418
30
197
101
11
257
294
290
458
216
219
202
94
164
313
274
414
484
403
417
301
401
351
140
459
225
439
174
216
483
101
357
491
344
26
111
327
306
119
352
486
83
265
459
373
247
217
22
409
358
120
312
401
338
189
498
304
412
23
164
429
14
275
136
435
50
78
11
314
253
205
335
217
366
320
323
267
66
436
83
359
252
286
346
139
189
415
188
19
464
251
270
131
106
17
157
32
477
206
453
348
10
484
239
429
309
278
214
276
500
302
450
334
14
438
286
48
468
88
252
257
74
103
42
69
314
289
266
101
268
68
40
161
293
232
41
272
215
406
144
15
244
467
330
182
297
4
410
406
71
250
310
380
189
281
172
349
333
208
365
303
76
190
359
128
304
490
230
195
400
196
161
274
227
439
461
373
64
423
112
456
259
273
144
328
39
21
498
159
49
432
244
328
215
156
197
444
380
222
27
472
130
47
450
60
59
78
137
220
436
315
112
207
132
161
6
128
255
238
385
263
278
350
130
322
347
187
2
351
253
263
105
182
240
483
426
286
454
370
479
204
363
198
323
111
462
82
169
153
7
416
477
418
234
159
156
405
273
251
458
217
489
109
241
67
500
199
303
173
124
216
464
230
188
476
100
471
108
273
84
182
239
47
326
498
17
22
447
324
41
448
422
47
309
348
65
374
411
339
244
135
454
77
473
476
199
325
347
10
339
109
364
394
495
247
445
82
409
136
317
211
179
281
441
12
253
382
103
272
98
359
86
290
55
281
500
328
487
132
288
383
124
1
298
184
310
159
245
47
438
414
472
212
418
208
192
118
22
160
316
156
224
387
167
273
369
485
432
95
239
400
418
474
430
499
270
43
455
158
368
458
3
202
277
372
342
69
331
222
47
15
104
221
158
392
470
72
32
37
225
443
322
77
488
325
421
428
368
148
16
313
115
228
32
81
470
183
205
274
67
431
169
18
409
132
75
483
42
299
217
6
216
183
102
224
9
474
261
266
247
28
262
452
199
477
59
240
319
284
392
12
282
12
197
498
182
161
293
94
323
73
443
399
358
216
232
271
277
10
74
249
302
437
483
225
401
219
348
96
37
352
140
475
15
87
496
118
67
383
274
1
253
27
44
223
131
300
484
286
142
427
89
13
175
143
420
381
203
192
494
246
157
431
483
440
478
214
366
191
24
151
332
394
431
496
469
161
108
276
448
75
292
142
471
119
465
79
274
466
288
495
310
399
185
477
230
351
23
24
131
326
116
247
496
450
47
476
135
422
19
407
41
388
26
441
394
375
305
42
367
202
285
117
6
222
389
82
139
183
363
108
261
65
139
303
222
122
391
72
37
44
494
449
387
76
286
1
52
355
385
328
421
339
216
80
346
312
72
156
195
365
136
171
27
478
185
34
303
493
227
422
341
7
110
288
251
406
244
489
81
313
308
96
206
51
172
207
366
86
442
435
52
296
281
179
149
95
109
330
137
421
353
107
353
160
6
457
450
448
401
374
392
218
334
24
26
494
306
490
158
21
218
349
399
351
369
144
345
284
163
323
79
215
100
465
211
475
442
66
497
72
337
408
395
365
166
394
20
108
424
72
375
131
260
75
217
229
235
255
157
461
389
188
305
190
370
396
290
95
27
388
131
175
487
70
396
278
457
132
281
95
289
88
37
140
488
451
78
31
430
391
181
364
267
6
423
174
317
61
233
148
476
5
170
448
75
409
226
377
284
207
450
192
100
261
59
90
288
432
72
240
490
219
459
26
85
361
295
347
26
366
35
246
368
336
499
399
179
417
390
108
297
124
240
465
486
55
126
285
377
423
475
81
50
409
177
205
60
75
158
171
354
370
208
426
479
150
378
101
71
159
138
473
4
305
376
231
41
256
186
368
283
198
114
476
98
172
66
115
344
44
355
452
360
380
224
87
151
349
375
423
189
470
205
145
269
119
46
291
234
429
248
12
193
325
470
419
453
97
388
132
383
73
372
207
198
456
4
421
120
151
185
455
130
236
344
31
116
471
4
328
39
270
272
430
20
102
390
108
144
474
192
499
184
52
322
403
313
445
459
299
341
399
8
145
125
332
204
344
329
454
340
499
312
339
355
345
285
31
283
52
11
9
384
186
136
30
490
468
46
300
120
100
383
382
121
365
406
210
223
29
365
138
167
443
52
223
103
209
252
406
397
489
385
455
390
434
87
387
193
425
60
121
135
73
349
38
45
302
138
445
53
352
455
413
440
108
454
291
192
102
389
236
136
32
294
191
139
2
15
498
309
377
72
118
366
9
57
310
365
43
234
130
158
196
319
217
461
496
221
29
350
135
20
35
409
122
64
119
290
310
447
260
203
190
492
283
378
490
338
263
366
104
50
443
306
473
2
69
445
478
230
111
340
225
357
89
215
179
210
485
387
49
194
376
458
306
301
455
357
231
52
112
357
339
184
347
289
181
443
481
312
469
124
452
493
111
117
195
278
380
460
399
1
175
18
160
122
190
181
468
489
461
144
259
267
174
116
274
191
386
328
189
318
46
100
255
421
414
234
329
50
466
130
164
32
94
61
390
289
1
75
63
245
297
351
62
219
370
162
494
500
278
340
44
337
404
128
228
29
89
404
359
165
91
198
445
318
348
361
471
173
205
391
373
397
75
318
444
264
243
248
423
352
480
270
431
208
101
315
80
495
56
321
141
175
201
421
16
469
197
244
359
124
8
221
359
205
439
213
15
203
380
489
168
168
266
149
320
105
314
289
485
57
384
445
95
186
43
485
297
6
165
304
114
63
218
467
328
275
188
180
349
343
429
190
496
206
378
244
466
382
411
497
188
465
369
376
152
39
483
2
448
378
342
23
489
279
358
464
239
110
82
376
306
104
68
174
250
96
192
153
318
197
78
463
148
106
165
158
433
208
496
274
259
488
472
89
348
191
229
451
19
53
278
217
96
473
202
200
380
370
159
94
446
364
385
12
224
366
70
259
377
292
75
108
400
31
63
121
164
231
205
314
454
464
464
485
300
339
472
303
326
85
433
278
92
460
417
339
80
151
50
69
26
53
69
29
93
30
3
45
82
25
47
29
86
29
54
13
53
19
41
14
36
91
13
19
72
6
41
55
28
90
26
9
2
16
52
88
82
14
39
56
37
67
23
77
25
51
92
77
67
86
92
77
22
96
24
79
25
99
18
19
84
76
60
64
77
79
60
15
74
31
31
47
31
38
27
35
54
3
51
44
79
96
44
62
85
67
27
27
17
26
23
36
53
74
36
100
39
41
68
13
63
50
47
66
82
66
3
24
23
42
46
65
55
25
34
50
83
58
24
85
43
35
41
49
82
91
83
30
50
96
68
64
35
72
35
66
41
42
74
4
18
34
96
9
63
44
12
31
11
67
45
86
60
25
95
32
30
15
28
90
13
78
76
55
38
20
55
81
7
38
60
91
48
20
41
51
4
93
41
99
38
84
19
95
69
82
72
85
78
49
27
93
28
18
2
99
66
13
4
58
53
85
73
52
85
20
24
74
88
9
17
79
97
48
29
32
51
45
93
11
62
40
17
41
58
42
10
77
21
68
53
95
72
17
24
50
69
25
19
49
98
41
34
24
61
56
96
3
42
97
42
68
68
96
74
66
48
48
86
35
82
54
65
57
30
98
63
8
72
3
44
86
68
72
64
70
53
52
72
13
92
55
86
55
60
3
19
99
17
56
34
74
52
32
49
16
93
91
4
33
54
83
89
52
96
41
82
77
79
50
52
2
91
31
83
2
32
58
85
82
95
17
17
65
79
14
89
70
39
39
22
59
69
38
78
57
79
61
61
12
17
40
70
38
75
67
94
56
30
54
85
41
73
10
34
98
57
27
44
53
60
72
43
75
71
61
99
11
20
4
66
49
11
47
55
4
12
41
45
76
5
40
68
44
1
96
84
70
1
15
11
25
63
40
61
3
82
71
68
10
44
90
34
49
89
48
80
36
69
97
72
70
72
45
56
63
92
68
73
66
10
34
50
12
84
67
92
1
6
87
65
49
47
51
70
70
69
30
60
36
28
27
31
50
38
21
31
60
36
1
67
55
7
74
2
99
89
93
7
64
28
96
82
99
88
28
68
50
56
14
69
24
9
79
85
67
99
22
66
3
42
71
85
82
48
49
17
94
90
100
9
5
62
57
49
36
95
95
11
49
15
55
67
74
22
96
42
40
95
7
47
93
84
23
87
81
22
46
22
83
11
15
67
23
49
30
7
11
49
100
5
18
12
57
99
86
96
38
49
28
65
43
46
45
20
99
65
45
4
22
31
91
72
88
90
97
60
7
28
64
59
61
77
2
43
65
62
20
99
64
23
77
27
33
79
26
67
35
91
75
6
25
78
25
41
59
17
64
62
43
6
6
47
32
13
12
73
74
85
97
37
96
95
95
50
7
98
19
32
30
27
89
7
23
64
30
56
64
3
76
53
19
100
87
62
94
98
60
74
31
65
76
97
43
90
95
62
5
68
63
47
91
58
91
49
40
30
16
32
61
92
32
60
60
4
19
6
64
31
91
84
75
47
63
20
94
97
99
77
66
68
19
75
55
25
51
91
60
77
22
95
40
78
40
64
75
7
85
20
9
74
9
51
57
66
52
11
39
2
70
93
47
10
72
53
56
27
55
5
70
32
39
27
33
22
65
14
60
87
10
21
41
51
53
49
48
29
49
58
39
40
21
30
15
31
12
14
1
73
35
3
72
61
80
32
60
78
12
4
85
54
93
23
59
27
87
90
14
4
31
64
10
22
16
83
29
40
5
39
76
36
19
88
62
37
100
61
97
27
88
31
78
13
88
7
51
79
60
62
15
77
68
100
19
88
87
31
100
8
43
14
88
100
72
48
59
97
26
14
38
83
24
36
78
88
84
98
22
36
31
36
49
59
9
81
9
70
4
46
4
78
51
26
50
31
1
90
21
8
78
97
49
14
36
90
97
77
68
52
31
73
21
55
46
39
36
18
83
88
9
1
15
82
77
11
48
39
34
71
77
10
68
22
18
46
35
78
13
33
64
30
52
24
57
85
2
31
22
85
36
14
72
25
23
16
73
80
16
78
42
40
38
38
76
89
82
53
74
14
49
86
84
28
70
17
57
5
11
54
33
25
16
47
75
72
91
99
58
80
96
24
82
97
31
52
37
100
97
18
65
73
46
24
89
82
92
24
86
30
53
19
100
63
95
72
65
99
48
99
31
47
39
58
67
2
40
37
43
2
29
19
17
34
36
98
87
39
53
37
40
80
10
48
17
17
47
89
5
92
7
60
72
49
40
22
69
71
76
68
90
56
19
36
15
73
26
33
11
15
64
31
9
9
95
86
5
73
29
46
74
59
80
69
49
64
81
60
96
6
26
31
98
12
64
30
12
85
54
89
40
78
82
46
98
80
93
53
68
71
11
15
70
91
6
81
15
8
33
54
85
27
25
77
58
15
91
71
95
4
84
88
32
100
53
6
31
17
67
74
79
66
84
21
35
61
18
2
66
100
36
87
87
52
56
61
28
5
92
6
12
23
63
1
11
83
15
6
65
78
67
93
56
48
18
60
52
98
100
59
69
82
91
31
37
82
46
44
15
45
19
62
98
23
88
88
24
55
47
85
23
77
79
21
93
59
80
41
24
86
35
27
64
14
88
28
44
40
65
83
7
54
17
54
9
76
14
23
69
68
74
17
72
92
84
28
95
92
62
69
14
30
57
42
35
45
99
42
15
35
99
6
100
75
55
29
89
28
31
73
79
12
79
37
4
34
52
44
2
63
71
59
76
48
57
50
89
98
22
43
77
82
57
67
28
43
62
88
60
26
8
9
84
89
15
79
49
33
26
100
51
34
72
70
47
91
36
95
6
93
1
9
63
59
91
49
92
18
76
65
60
88
61
26
22
59
55
66
51
45
47
16
28
16
15
9
14
42
6
50
93
18
85
47
26
93
2
64
100
49
74
82
56
66
96
59
74
4
2
22
30
65
14
59
98
95
94
32
97
44
13
84
98
38
76
99
51
39
31
37
51
76
11
88
12
65
40
76
69
89
96
62
26
50
37
68
53
16
81
45
57
89
33
36
77
96
68
7
41
92
60
1
93
80
18
74
61
15
91
40
23
92
38
34
56
44
80
49
53
46
84
50
33
72
62
35
26
19
82
2
70
23
2
60
5
56
16
25
87
37
4
46
54
97
18
11
66
39
60
30
95
93
61
90
9
36
69
64
6
99
12
18
79
44
86
12
64
38
40
89
70
76
43
17
46
62
71
58
83
18
12
19
36
37
60
56
81
28
41
97
86
16
88
87
85
47
93
47
40
15
57
57
75
68
85
88
82
78
55
37
70
2
11
23
89
81
47
84
93
42
8
53
24
32
70
28
40
7
37
30
87
17
91
50
73
59
32
65
2
52
92
29
34
94
13
98
74
57
96
33
20
68
71
60
26
78
86
43
12
91
59
93
43
37
68
88
38
70
19
43
91
10
30
73
6
82
20
57
33
93
97
23
58
4
51
73
65
27
17
38
20
55
47
18
45
81
53
35
14
12
20
28
43
46
29
75
82
45
69
32
75
14
40
61
6
90
16
5
60
56
30
97
31
7
93
44
39
100
15
69
73
56
75
22
26
77
98
60
61
88
3
17
18
28
24
92
75
10
49
78
15
85
5
77
6
54
73
29
43
66
58
53
93
26
71
73
71
2
12
88
69
48
38
62
52
61
89
38
77
33
8
29
88
61
52
41
74
19
92
36
46
22
35
2
68
7
1
9
20
2
36
25
91
62
19
39
43
36
71
3
63
62
53
54
70
57
28
91
20
37
61
78
57
87
73
35
57
8
26
11
46
78
19
28
95
98
2
17
58
34
71
1
30
64
42
3
4
8
89
88
48
61
93
1
46
36
80
20
26
100
34
49
65
62
91
82
21
27
89
60
43
34
38
93
53
11
34
91
93
28
57
100
14
60
13
58
81
63
66
37
30
26
40
53
46
56
77
92
88
34
38
74
15
36
6
28
77
12
14
90
55
60
79
100
43
62
3
39
54
9
81
16
35
87
81
77
45
81
25
68
76
50
2
69
95
12
28
63
17
16
52
41
88
59
91
50
42
64
20
34
65
67
27
61
67
36
63
70
87
82
86
28
73
18
96
12
44
46
58
35
12
37
80
19
13
67
97
76
18
3
32
36
32
84
68
70
86
38
47
10
74
84
48
88
67
23
23
65
68
78
61
63
29
5
82
20
65
99
2
7
29
70
43
42
6
20
18
35
75
68
68
28
31
42
10
23
99
16
7
39
21
8
20
22
57
8
87
10
85
14
23
22
61
60
74
53
99
40
50
41
78
74
72
11
46
59
47
93
7
69
60
5
43
37
82
44
88
3
40
63
40
81
78
97
35
54
100
41
13
4
73
21
97
15
2
68
89
84
14
68
24
50
68
44
62
43
15
99
35
87
57
99
32
49
97
66
69
41
11
37
4
80
60
16
16
89
72
56
37
56
39
77
46
77
97
9
77
73
50
42
94
81
77
16
22
56
14
95
38
97
87
41
19
13
37
9
92
82
4
71
55
13
50
70
25
16
100
77
96
38
37
56
60
75
72
53
59
42
64
65
16
22
92
43
38
23
81
41
64
84
76
96
92
67
37
71
70
44
29
76
51
56
9
26
33
22
1
10
70
77
3
1
21
16
56
5
57
66
20
89
65
62
89
16
86
25
67
63
54
56
20
3
28
63
72
82
57
4
48
64
47
25
99
91
71
17
74
44
26
36
45
87
79
28
90
91
3
69
81
34
47
32
30
19
63
90
55
5
2
82
91
72
45
19
42
73
38
25
28
95
5
22
97
16
11
10
69
49
23
25
89
75
3
34
17
5
81
89
27
22
16
4
54
91
47
16
96
84
37
97
13
31
43
7
61
84
8
60
32
62
61
97
85
47
43
7
37
87
78
25
1
67
50
64
77
47
73
35
51
47
3
26
46
44
66
63
77
67
73
13
4
40
65
85
33
35
78
42
94
4
83
86
59
40
89
34
7
31
57
67
27
52
60
82
39
32
14
84
84
6
18
80
8
17
2
36
66
45
24
9
64
17
69
53
34
30
45
78
64
27
74
83
87
25
54
71
46
58
61
25
32
63
57
30
45
54
10
53
14
67
20
18
59
1
2
60
35
32
30
76
2
95
54
20
21
44
60
87
60
33
67
15
88
73
79
68
55
43
31
41
17
56
25
51
37
18
95
83
93
89
56
15
43
3
47
42
3
94
63
18
65
51
74
26
36
8
33
93
76
12
99
55
37
30
58
52
56
10
59
43
83
51
30
67
64
45
76
98
35
48
64
66
70
11
27
33
12
93
80
23
64
73
95
53
73
97
76
38
74
30
13
9
70
55
56
61
6
45
11
33
81
47
23
30
44
60
26
21
73
11
42
66
53
23
25
44
51
42
69
64
15
73
49
56
52
59
83
58
27
63
79
9
34
74
26
65
7
7
20
33
22
79
49
96
67
11
11
61
37
8
83
89
27
14
88
49
14
72
64
69
1
92
67
58
31
48
84
92
43
73
77
20
45
11
90
58
7
70
5
64
23
11
80
79
92
100
24
39
51
63
73
8
76
76
23
23
23
74
38
58
11
87
37
55
23
5
18
99
15
100
4
14
91
32
48
28
80
87
71
48
24
72
9
71
94
98
31
33
23
72
39
38
3
2
81
92
36
75
26
3
18
14
80
1
38
36
34
96
77
74
93
62
75
72
29
45
76
1
97
80
83
57
97
32
87
50
63
52
52
50
57
97
43
58
97
15
12
59
47
11
31
43
2
82
84
95
28
49
60
38
73
20
6
98
45
3
71
28
17
62
89
85
46
100
28
60
67
94
86
62
53
27
89
36
75
30
15
66
27
70
37
96
34
30
39
53
40
94
93
35
55
52
39
63
54
2
20
72
63
17
5
9
31
87
40
23
59
85
64
32
14
70
42
94
94
93
43
4
5
54
20
46
65
74
41
17
40
59
63
72
87
46
15
69
9
45
21
77
29
22
7
98
5
27
58
7
4
5
33
34
18
94
51
33
91
73
30
15
20
23
92
18
77
54
91
29
41
99
9
39
67
34
24
16
19
22
90
73
29
56
96
8
16
21
17
100
80
14
22
50
94
51
66
11
47
93
48
27
4
83
86
1
54
23
15
79
29
66
68
64
72
28
19
83
27
82
34
74
74
63
95
47
70
5
85
1
100
33
7
31
92
16
73
30
71
89
50
54
80
60
79
6
9
64
49
94
14
82
73
18
74
93
57
7
65
78
90
69
92
58
97
53
95
55
1
41
51
66
6
84
1
38
17
3
92
86
62
31
26
19
33
98
73
91
99
65
10
6
10
19
94
76
73
16
95
34
72
76
46
95
93
43
65
42
80
93
54
52
45
31
3
21
90
71
44
87
78
16
44
51
3
96
52
72
38
20
67
5
56
42
36
2
20
81
69
68
18
30
22
74
77
83
39
4
35
83
9
64
32
61
66
66
78
32
77
66
60
4
52
74
85
57
49
76
91
86
88
42
27
38
55
8
87
15
89
67
100
47
15
59
15
80
83
52
14
41
69
12
53
99
2
35
14
30
23
29
48
36
61
53
79
85
12
84
74
88
74
75
66
2
31
53
74
54
37
5
92
40
60
78
66
94
1
90
75
47
55
74
61
89
19
53
29
71
85
18
95
62
80
8
75
75
98
84
10
65
28
47
86
58
96
53
30
59
92
45
45
23
79
34
68
34
63
42
38
64
37
51
29
78
64
74
61
34
52
46
82
79
13
44
26
100
79
90
65
92
27
98
30
35
2
97
34
26
30
43
59
40
29
2
51
42
77
21
51
67
59
60
57
81
12
16
1
8
83
70
44
49
23
61
74
24
85
96
15
17
80
52
58
90
11
35
96
30
75
64
20
100
44
87
72
25
57
33
23
82
61
46
92
46
34
64
26
90
31
52
22
70
61
74
56
77
76
40
56
89
61
69
54
2
44
52
54
85
32
87
32
82
46
17
32
10
13
88
92
16
7
44
40
26
61
56
78
28
75
84
100
30
88
1
38
57
98
11
9
65
29
39
27
55
29
72
21
39
91
17
67
88
71
38
70
27
27
50
80
49
98
27
34
9
48
16
56
83
34
47
33
61
30
11
88
16
12
24
87
44
9
25
2
16
43
82
66
13
15
33
53
87
3
93
86
43
36
20
57
71
69
6
44
84
19
61
92
94
44
14
64
65
95
76
100
56
85
57
30
53
34
87
94
81
54
90
92
3
94
80
85
90
35
63
39
58
63
45
10
9
53
67
60
73
97
18
61
92
62
81
18
89
71
58
17
68
39
39
72
44
8
40
65
8
95
37
41
36
94
16
39
53
2
99
36
98
50
94
90
87
74
31
10
88
41
6
90
15
27
11
20
68
31
22
4
10
20
11
11
20
62
59
72
78
19
70
47
38
82
63
84
5
61
44
7
64
88
76
27
11
11
37
43
37
7
71
61
92
13
28
19
27
52
34
71
50
5
23
98
97
46
48
35
43
66
81
65
10
59
46
74
54
20
95
34
33
64
60
65
82
53
26
16
72
17
43
62
1
80
94
40
29
13
28
75
93
32
89
49
21
51
3
89
86
25
67
15
61
80
28
14
13
45
65
48
21
20
79
82
83
28
64
52
52
81
17
54
50
31
24
38
68
2
17
29
48
77
30
70
58
52
76
79
12
25
33
88
95
80
59
26
95
77
84
90
63
21
24
50
77
56
59
3
44
97
29
52
79
19
96
60
61
11
1
40
35
43
24
12
57
82
81
100
99
44
29
6
27
4
23
23
96
10
38
3
32
15
46
39
50
74
50
71
36
10
51
30
78
47
37
41
62
59
28
38
51
62
87
27
17
64
23
51
23
16
87
42
9
17
33
23
44
87
66
53
62
7
34
98
86
11
6
21
28
83
11
83
14
28
31
35
87
83
87
6
7
82
72
43
46
51
70
79
43
20
15
47
1
50
6
12
36
36
70
38
33
13
33
56
77
97
99
65
82
3
65
2
41
7
41
15
7
76
40
68
11
1
20
41
15
24
19
42
6
66
11
6
13
100
40
93
20
2
54
100
77
75
98
57
96
99
94
50
73
17
14
84
92
37
40
9
10
36
13
44
84
78
100
70
55
62
64
70
85
76
37
99
45
10
54
44
45
14
93
63
27
73
85
65
41
35
27
2
50
52
41
57
55
15
32
81
39
42
51
94
11
85
86
10
53
39
92
98
42
54
38
83
46
42
98
30
96
5
7
9
38
6
77
99
47
2
62
69
68
68
87
79
96
96
82
34
23
86
89
62
41
54
85
64
92
27
24
67
90
84
70
27
91
22
71
4
15
16
18
81
5
81
8
11
29
79
3
54
19
64
29
68
33
72
83
98
20
43
85
44
7
72
3
38
16
97
85
25
30
7
39
36
36
35
89
33
80
72
33
75
66
80
41
66
51
98
57
41
10
12
46
21
66
33
68
55
61
38
75
52
78
49
77
35
72
23
25
4
39
17
29
63
39
75
94
90
88
76
49
14
39
4
66
42
3
25
60
64
7
20
25
63
69
68
29
70
55
13
49
32
48
97
65
46
71
9
18
88
38
17
63
30
74
8
59
5
3
20
3
80
90
32
96
14
59
97
17
73
88
89
27
2
34
37
19
30
56
75
4
51
54
5
57
86
20
42
86
98
83
1
73
97
99
9
47
60
1
96
87
7
90
64
54
2
50
65
41
32
82
17
50
16
44
79
17
67
21
23
21
83
23
49
78
22
2
82
43
71
11
38
77
72
86
80
40
34
70
36
24
7
62
22
88
83
54
62
67
25
49
69
7
88
4
23
52
20
86
19
97
24
69
77
42
55
89
30
71
5
54
45
64
92
48
62
36
51
2
91
3
83
35
100
69
55
90
27
25
67
10
84
82
75
21
79
95
42
75
71
60
44
17
27
63
69
64
64
74
88
60
58
15
39
55
44
34
74
90
21
43
16
51
2
75
50
5
68
74
1
96
50
66
82
59
36
23
90
48
62
90
57
42
12
56
60
87
71
68
66
15
82
21
3
86
11
81
30
30
4
54
24
13
43
58
71
91
5
5
66
16
47
73
78
94
56
44
4
26
64
63
81
85
69
66
8
14
14
4
14
86
74
98
9
64
62
52
46
89
76
54
81
82
65
62
1
97
70
40
41
30
90
37
27
62
15
96
42
24
94
59
26
99
7
87
88
78
20
23
79
64
57
76
37
66
87
8
71
86
37
60
80
18
23
18
26
46
75
87
24
92
66
35
3
6
3
32
34
10
57
66
77
53
62
25
5
10
31
21
99
74
30
97
83
22
13
4
25
36
92
11
61
76
58
96
23
16
83
85
46
84
99
94
17
10
41
63
59
62
44
33
64
34
33
64
23
54
75
78
60
79
24
60
7
71
87
26
42
46
3
91
36
74
34
50
57
81
86
2
71
99
99
74
26
84
94
5
36
68
80
7
52
44
50
82
24
83
35
61
60
15
25
60
2
57
91
93
7
93
74
43
93
63
54
4
1
66
96
79
63
91
2
96
73
66
50
45
3
39
40
48
46
79
78
61
98
31
25
7
67
41
90
70
46
67
92
30
32
46
82
20
73
88
4
54
69
15
27
99
43
77
93
30
80
57
17
6
98
94
17
69
64
35
15
79
85
42
24
57
97
36
43
48
62
8
7
81
15
23
33
35
27
80
53
3
22
66
74
90
61
15
90
10
59
65
10
57
82
98
21
57
75
48
25
78
13
52
23
16
80
68
32
17
87
54
47
70
35
24
53
78
51
18
26
31
26
70
68
66
46
78
30
27
4
36
3
12
82
21
74
73
68
58
80
19
13
30
58
15
14
41
3
73
59
27
61
47
79
74
100
19
16
77
55
35
10
67
64
99
7
50
26
51
22
31
95
9
91
31
25
56
96
86
71
59
98
27
19
8
3
67
7
4
21
13
50
23
22
43
65
64
34
49
8
80
72
86
71
3
10
65
55
13
55
83
30
47
3
92
99
21
18
45
79
23
44
48
42
97
50
8
61
13
20
41
61
47
97
20
30
79
86
48
46
74
77
6
79
12
71
60
98
82
10
19
79
43
47
58
47
66
42
67
96
51
33
73
66
89
32
18
82
19
71
99
95
12
72
27
78
96
75
99
80
25
76
100
2
87
72
68
83
20
27
81
13
18
37
47
23
65
21
65
52
44
25
75
1
79
57
15
77
16
45
29
34
20
94
6
67
68
75
94
16
78
81
77
39
85
18
97
4
46
26
16
6
68
67
80
48
75
39
9
68
24
71
15
87
46
37
35
31
29
44
64
23
26
80
9
26
12
28
27
6
11
56
49
4
71
100
33
87
20
48
27
49
67
28
70
13
53
26
55
17
81
48
22
25
87
77
36
9
49
75
93
75
78
12
87
63
64
25
90
12
3
48
97
45
17
27
69
59
90
58
19
49
37
22
79
11
73
51
13
46
47
28
69
64
79
47
9
47
18
26
38
81
57
33
42
63
6
45
80
57
16
29
64
83
40
64
100
17
68
11
50
38
98
56
27
79
22
52
87
20
100
33
34
61
77
58
60
43
66
29
32
51
38
68
69
32
90
85
92
36
22
55
36
48
73
57
3
37
9
16
8
44
42
45
20
95
40
88
94
10
93
33
68
13
92
47
92
47
75
15
25
58
43
78
92
45
49
68
35
85
12
16
77
42
62
6
65
1
74
84
6
46
29
85
33
75
95
63
17
62
57
4
89
7
5
60
70
83
71
5
70
49
80
6
92
38
2
51
6
89
77
31
21
65
26
10
98
85
96
67
18
86
24
4
36
27
87
20
42
90
12
81
68
14
95
96
92
58
87
70
57
59
91
87
62
58
91
18
44
27
90
48
27
89
83
28
40
71
93
84
62
40
42
35
81
36
75
93
29
74
74
83
33
60
58
27
76
23
59
75
51
68
44
95
32
8
57
9
33
83
85
61
90
81
62
38
84
36
22
98
48
49
3
62
98
45
44
14
9
33
51
88
87
61
18
59
44
14
80
15
14
73
53
49
97
94
76
64
17
4
11
62
56
37
57
17
17
86
61
91
90
48
58
15
76
79
26
80
93
15
59
76
48
66
94
81
68
20
71
55
34
18
75
16
42
95
83
47
85
32
97
66
19
24
20
11
49
69
65
80
4
14
66
81
9
89
59
48
51
5
6
54
17
39
16
88
32
7
96
30
62
39
82
98
13
31
43
100
92
6
62
58
73
29
68
12
40
71
1
1
28
82
83
42
48
68
94
37
3
1
66
13
11
55
53
73
8
35
16
25
28
91
16
35
11
74
50
14
75
34
77
16
13
3
84
96
50
69
91
32
11
75
44
22
15
67
61
28
97
81
89
17
73
92
39
18
72
46
75
91
35
40
88
28
99
91
21
67
90
58
64
19
85
3
85
71
86
99
41
50
88
77
64
15
57
94
82
43
10
10
8
81
11
75
15
24
25
1
77
51
64
48
12
43
58
7
66
66
60
25
85
44
36
23
13
39
53
21
22
62
91
74
49
81
78
55
22
9
70
69
16
51
92
42
83
3
88
46
3
98
42
2
16
56
51
77
37
61
42
12
3
33
79
48
24
10
51
90
12
97
74
64
51
91
43
21
38
65
51
79
74
35
73
67
28
22
10
65
27
79
20
74
44
13
20
49
86
79
90
48
69
51
42
23
83
34
97
86
26
32
56
68
4
34
33
75
97
82
99
9
79
85
65
92
90
72
19
58
79
85
67
8
35
83
1
89
58
22
11
93
27
48
32
76
38
46
81
47
61
50
44
76
62
7
87
54
42
44
49
65
7
12
90
45
21
64
23
41
79
83
98
56
50
76
51
79
80
28
13
39
25
67
83
96
68
81
68
65
60
97
24
39
15
37
61
47
33
95
81
94
7
45
42
84
66
34
34
21
60
27
85
11
59
7
99
30
11
99
67
33
88
82
98
76
17
43
11
8
23
7
20
96
38
24
40
70
52
43
55
75
81
4
97
55
5
47
37
66
53
79
57
4
79
17
21
77
60
96
72
49
86
37
96
50
86
95
37
83
22
92
98
14
80
73
66
53
99
97
57
49
4
50
12
28
53
85
77
32
65
73
3
44
40
87
82
24
60
62
58
91
42
19
28
95
76
5
32
35
85
44
88
93
85
72
27
73
23
5
56
47
29
17
80
38
79
15
60
84
46
28
50
10
68
78
69
69
76
35
60
84
4
13
96
7
71
9
84
46
82
38
20
59
9
20
44
28
99
35
95
58
77
55
20
39
18
87
43
96
49
12
62
55
15
35
72
37
19
34
5
81
49
7
96
25
97
23
42
48
1
90
77
87
73
65
68
69
22
57
23
61
37
52
58
27
80
20
49
85
75
20
63
13
18
81
66
83
95
92
78
50
53
51
37
78
95
49
10
10
50
85
32
70
71
97
48
6
2
57
61
29
87
3
86
67
40
59
59
88
16
20
93
49
84
79
43
83
89
83
18
57
41
3
93
3
29
36
98
63
34
41
95
94
33
51
59
44
66
98
6
19
5
47
2
77
53
81
74
84
15
26
74
32
45
15
10
85
59
9
100
90
42
35
95
91
99
47
90
1
10
97
12
26
26
33
74
24
75
28
12
4
35
8
43
68
75
24
68
44
100
46
87
47
43
88
95
1
34
24
42
14
27
96
1
92
39
14
87
19
68
55
36
7
29
99
96
77
11
61
100
25
5
92
39
61
78
41
7
63
68
52
22
13
51
65
82
21
90
31
53
65
11
35
72
9
75
18
5
63
22
10
74
55
41
14
87
56
10
100
69
8
48
26
91
31
79
49
6
96
89
39
60
38
52
89
60
11
26
97
90
71
50
75
43
99
53
12
75
100
4
47
99
13
3
2
68
81
50
26
70
60
19
70
58
97
3
59
94
27
59
36
43
76
2
53
58
70
74
41
46
68
24
64
32
59
24
16
50
55
43
58
100
80
10
8
26
32
15
88
95
21
4
100
37
38
93
43
6
29
82
93
17
94
22
13
25
61
42
10
23
94
62
75
54
37
49
55
3
90
4
58
36
6
61
100
3
39
45
33
90
93
26
73
81
86
90
77
37
25
70
37
26
92
21
79
87
82
33
20
90
19
52
31
63
11
34
63
68
19
33
43
77
86
39
87
95
3
63
40
76
28
31
16
27
67
98
73
69
7
82
72
76
53
89
96
3
74
54
55
63
82
16
84
19
83
84
55
79
70
100
91
64
40
1
29
50
36
89
40
49
20
11
95
47
26
82
13
52
40
66
73
20
91
88
26
34
68
83
98
32
12
41
10
57
87
81
45
89
58
79
25
1
52
74
79
61
11
53
41
67
98
43
33
4
51
66
6
78
42
30
11
83
67
66
35
65
14
98
56
90
50
13
50
18
15
74
15
78
45
65
82
31
50
75
62
88
95
95
42
51
19
11
30
1
96
11
36
12
67
62
73
78
10
90
33
71
55
45
1
86
95
51
55
81
36
29
84
73
3
44
36
82
36
42
12
29
31
68
10
29
67
89
91
53
86
15
44
73
87
99
13
61
71
60
82
40
50
34
38
66
83
45
49
100
98
61
71
43
6
20
80
64
40
15
37
90
62
25
85
34
38
58
33
70
2
16
72
78
70
28
61
35
85
11
11
60
70
71
68
50
47
44
35
3
77
79
75
63
14
69
57
98
53
43
49
10
67
86
22
67
77
20
64
56
14
12
78
56
58
43
94
100
83
93
69
1
94
94
24
38
4
66
32
16
93
76
87
83
7
6
36
89
12
11
59
72
56
72
6
35
10
43
38
80
39
11
83
100
78
53
40
92
66
4
59
81
78
5
73
26
63
30
10
94
11
88
79
67
80
99
56
26
7
3
15
32
92
73
47
74
14
57
6
18
2
79
58
55
33
13
79
4
35
40
52
65
1
57
70
7
95
49
42
65
47
42
55
73
37
37
22
22
97
15
2
54
31
74
78
36
44
94
1
3
3
94
26
42
12
16
51
74
14
13
99
43
46
87
55
7
48
1
49
88
36
16
87
3
85
21
97
1
60
45
97
53
2
70
78
33
46
26
62
54
4
33
37
6
5
90
89
13
74
70
31
86
57
12
32
68
57
68
94
87
60
83
16
51
28
4
74
97
81
73
90
3
31
64
93
3
72
51
88
83
19
56
32
40
96
41
49
51
91
58
93
10
65
23
12
79
99
9
98
88
4
63
9
10
93
100
38
59
38
1
16
8
57
90
11
22
23
97
21
45
20
10
93
91
26
26
89
96
64
3
96
56
85
11
76
73
7
33
58
18
21
27
54
48
22
33
91
32
94
79
18
14
22
20
31
3
57
30
73
20
63
5
62
4
53
3
69
51
27
77
95
63
23
62
81
64
91
76
34
7
89
11
97
59
64
47
32
76
33
89
9
48
45
88
95
33
18
40
96
37
48
17
6
6
18
59
66
64
52
80
88
24
29
34
69
94
69
44
92
82
22
70
31
96
90
60
19
6
9
7
52
64
9
1
34
1
28
84
16
25
76
58
83
11
67
29
70
13
9
90
74
16
54
1
79
15
34
57
4
33
39
2
40
72
8
80
29
26
24
57
90
8
83
70
23
37
74
19
60
100
20
73
64
10
40
97
13
1
97
21
55
23
35
60
24
13
17
22
78
34
87
25
97
27
41
22
33
1
41
40
1
12
30
89
91
68
43
35
45
23
7
82
15
97
34
89
67
83
70
19
41
53
72
11
42
3
43
10
69
49
20
78
99
78
52
53
1
28
50
94
80
46
54
41
68
71
66
78
10
61
47
76
25
92
23
63
81
95
17
40
38
66
21
88
68
74
83
91
82
99
8
41
38
58
40
44
58
95
24
39
18
21
69
32
62
35
47
99
56
58
68
37
64
5
77
74
47
17
86
86
80
51
37
66
18
18
91
87
41
12
31
52
23
54
27
74
42
51
67
3
52
95
43
90
2
84
31
92
69
83
77
87
13
22
50
7
54
52
36
88
90
7
97
20
64
11
72
48
56
54
62
67
58
86
93
70
66
47
85
92
72
23
42
22
76
41
14
2
82
31
46
100
42
76
99
65
73
97
16
94
70
47
91
40
58
89
50
63
84
51
97
56
65
49
69
44
87
65
2
51
61
46
37
47
54
7
63
55
72
81
1
54
87
51
70
27
28
9
33
70
83
19
34
66
83
89
36
65
42
48
29
46
71
9
84
9
28
54
86
29
66
75
39
44
76
80
79
72
60
79
96
29
43
17
43
57
45
14
38
85
11
7
31
1
35
64
90
100
51
99
89
84
92
53
78
91
37
57
42
59
100
50
48
30
89
37
34
44
99
58
40
85
8
41
100
28
69
36
64
65
82
78
58
63
95
22
76
78
27
37
31
32
11
75
68
66
75
59
38
10
38
52
1
2
84
67
8
49
61
59
11
47
48
2
46
64
75
1
52
31
12
15
80
31
27
44
56
72
56
90
71
5
91
87
56
41
86
92
18
67
20
89
33
62
14
74
61
15
44
63
15
77
97
11
36
80
22
41
86
48
85
21
33
66
74
82
66
43
67
37
100
13
84
92
67
56
62
24
60
74
63
73
55
50
47
84
31
56
99
82
18
68
16
76
29
15
29
87
69
9
12
37
56
22
85
44
87
53
33
40
10
7
62
22
26
43
4
42
64
68
91
54
12
56
41
13
54
22
99
78
97
8
60
96
81
77
5
50
56
95
99
97
63
12
80
2
92
27
24
54
30
96
59
87
84
70
83
77
80
67
4
46
48
6
33
86
38
74
10
58
85
35
71
8
65
89
80
19
32
98
30
50
27
52
2
39
11
36
73
62
66
83
96
88
32
77
91
42
36
30
85
79
45
96
25
82
17
40
99
4
22
4
68
31
59
79
15
75
25
96
39
48
87
72
26
47
54
45
22
2
39
48
46
61
45
46
80
34
31
23
20
68
66
49
56
14
54
63
30
77
1
75
11
26
68
68
87
81
48
83
77
25
82
79
30
7
5
72
88
31
73
27
90
100
51
5
92
90
54
62
75
36
48
22
10
2
8
20
89
55
72
92
63
91
35
72
40
25
46
31
72
97
67
2
51
20
20
24
17
64
94
61
79
64
22
47
94
75
73
88
19
24
14
80
83
69
4
23
71
7
41
34
12
60
12
44
64
27
92
31
21
66
31
71
17
75
24
69
7
13
94
29
93
49
74
14
26
52
4
17
33
20
75
82
65
27
57
57
60
22
5
17
4
65
20
40
18
78
30
14
16
99
50
84
98
73
1
93
26
91
38
78
100
14
32
14
53
47
47
97
62
47
7
2
45
57
55
54
49
27
77
91
45
63
30
2
39
84
15
92
44
31
35
99
61
1
49
75
73
91
90
45
76
96
87
90
99
90
41
39
52
83
87
48
42
52
22
48
60
56
78
90
13
30
37
94
13
73
74
7
12
21
91
52
46
88
61
13
37
29
25
91
64
20
31
48
78
64
39
41
9
37
66
96
74
17
7
94
41
86
22
57
30
14
2
81
73
13
31
2
4
71
84
80
56
89
50
99
23
76
96
46
54
36
22
39
49
20
39
48
1
60
32
6
55
5
69
5
30
98
71
17
61
54
55
88
30
24
70
27
50
35
4
81
83
81
22
90
18
60
27
86
85
47
34
35
35
46
20
85
63
6
81
87
33
70
41
18
1
73
52
36
47
86
45
36
58
68
100
81
41
78
85
62
42
63
30
70
81
68
94
48
88
89
70
10
84
34
3
33
34
93
90
56
99
84
12
16
68
23
9
45
95
79
56
84
82
83
27
64
86
30
86
52
79
4
14
80
16
62
46
35
81
16
47
63
60
19
33
32
14
25
89
33
47
62
37
79
18
98
81
38
51
67
41
16
66
72
57
59
73
43
44
75
46
13
36
10
69
100
17
100
31
50
84
80
29
86
64
85
8
46
8
12
43
79
84
62
16
96
59
21
74
23
94
31
90
50
62
19
74
56
19
99
34
20
56
11
75
30
25
94
7
48
90
37
85
81
32
42
12
45
14
61
55
80
45
82
58
54
62
79
6
62
19
64
38
66
26
77
48
19
47
47
86
82
79
21
69
11
3
59
93
32
37
19
49
29
5
100
14
24
61
28
47
83
51
11
76
11
42
80
54
78
3
15
100
4
3
24
95
30
21
6
75
4
97
58
90
32
61
5
20
100
58
62
63
66
65
30
54
96
26
96
27
74
29
51
41
78
78
57
52
56
45
75
9
100
6
27
96
6
31
64
96
84
19
81
32
95
12
96
43
12
34
7
21
27
70
32
40
93
80
4
24
28
7
68
65
3
24
66
17
74
49
26
15
84
61
38
21
95
94
7
72
49
37
48
81
60
17
58
1
46
80
95
80
31
25
84
28
50
22
93
8
26
19
80
67
80
31
54
31
91
92
18
93
81
67
94
55
34
4
54
11
40
94
38
29
47
2
96
49
37
33
29
35
71
66
93
32
10
4
96
84
5
69
22
63
10
47
96
81
6
55
34
85
2
15
58
94
20
5
4
54
33
86
88
1
69
5
86
6
96
92
3
28
1
32
18
29
23
69
49
50
2
31
60
13
91
43
37
75
74
26
22
80
90
97
52
74
74
14
44
1
60
49
62
30
21
88
68
49
18
36
100
93
92
61
99
50
20
16
66
79
69
93
44
20
86
84
8
65
43
59
6
6
47
54
54
75
57
82
9
54
92
66
15
46
96
10
53
2
5
53
15
94
32
39
42
93
21
40
5
40
70
6
57
84
29
82
82
96
27
76
91
93
55
40
72
64
13
97
31
75
84
19
99
28
14
70
69
78
13
96
37
28
87
7
39
5
53
19
14
61
100
59
72
46
79
46
86
1
43
19
54
31
45
93
68
2
52
63
59
90
22
32
26
63
10
40
93
15
90
20
28
10
27
87
23
60
58
65
6
98
35
57
79
7
62
54
85
29
67
57
62
6
53
71
87
46
37
10
22
7
95
72
7
45
78
37
84
49
72
81
52
41
72
10
60
62
55
4
18
14
94
91
49
31
85
34
98
84
18
70
13
50
8
97
68
14
5
75
34
82
12
80
35
84
92
96
66
32
37
85
86
13
27
46
76
66
48
47
57
3
35
38
91
74
97
60
27
22
29
5
39
85
3
39
96
63
93
1
37
61
55
58
45
14
27
33
10
43
29
36
54
99
12
60
32
70
75
65
31
78
87
40
65
86
8
63
29
23
90
70
90
45
44
17
63
2
11
20
52
55
10
4
34
13
54
26
27
56
56
70
97
85
46
37
17
54
28
47
39
72
67
74
71
72
56
84
47
33
73
53
89
50
61
45
34
89
28
3
81
63
19
20
35
74
59
97
93
25
78
74
56
66
63
99
46
28
45
56
65
63
72
22
94
31
2
48
1
36
100
30
54
45
50
32
100
71
100
63
33
24
79
32
68
24
98
92
54
64
14
48
46
48
64
13
34
65
74
41
22
7
33
3
45
62
100
66
8
9
31
6
22
48
24
12
91
84
85
40
37
33
71
32
13
49
84
84
7
63
99
45
25
59
85
50
32
96
95
63
16
20
90
42
8
73
94
70
47
19
89
9
96
16
82
78
69
17
38
15
59
51
61
79
77
25
52
71
3
92
27
10
4
99
41
51
78
98
36
9
43
36
50
32
21
77
69
62
69
78
44
60
75
95
58
12
24
36
30
63
40
58
36
27
45
28
70
95
3
81
97
40
42
22
16
54
26
82
67
53
1
88
40
37
90
70
65
85
100
74
88
30
44
11
17
87
43
22
64
77
100
24
57
25
71
22
43
30
2
83
27
96
36
36
53
57
78
93
51
82
28
57
97
99
62
37
31
83
93
70
86
79
75
33
6
20
98
76
67
63
23
74
65
3
58
86
5
39
32
97
33
29
95
86
45
9
39
43
20
63
37
75
90
50
60
5
72
12
95
69
40
80
83
8
90
39
88
54
52
89
86
58
16
65
22
100
91
73
38
5
48
74
12
65
40
24
9
100
93
34
42
94
31
76
57
39
63
87
43
78
54
9
67
25
20
83
48
54
77
13
31
99
94
36
56
33
52
37
82
56
7
37
70
54
48
79
53
63
20
15
75
71
39
58
55
68
50
9
24
79
100
35
81
19
56
39
69
45
52
91
60
38
27
80
16
48
57
98
19
66
35
98
7
67
51
21
41
49
65
1
45
92
2
67
12
78
33
86
92
13
9
91
14
84
98
41
29
93
81
19
34
32
71
74
93
38
3
6
30
96
41
37
65
28
90
40
46
42
85
53
32
1
81
19
75
96
31
21
12
43
15
24
22
33
91
21
22
81
76
67
93
49
53
11
78
56
94
46
77
37
93
66
51
52
63
93
12
60
31
17
5
99
92
6
87
88
34
78
60
77
76
69
30
46
14
23
75
44
76
97
90
19
20
80
50
98
59
11
81
80
86
67
9
54
32
2
63
15
24
59
14
23
68
13
43
90
25
89
3
27
4
60
31
48
79
85
88
11
42
88
49
54
11
16
58
69
77
35
41
14
21
65
89
19
91
83
79
17
86
82
89
5
66
66
8
95
61
7
65
90
48
97
93
66
91
8
63
84
31
79
93
23
72
5
2
44
17
78
80
99
47
30
66
63
55
32
35
66
44
52
1
77
53
77
46
36
10
20
40
76
12
34
11
96
24
9
36
31
78
47
77
23
55
25
74
78
74
53
62
43
50
28
86
52
36
50
52
2
79
5
26
68
68
87
12
42
15
6
9
11
49
47
81
93
5
28
32
53
39
39
95
4
50
55
63
100
100
47
98
15
94
36
9
87
8
83
37
66
72
67
99
10
67
52
26
12
56
37
80
60
17
71
76
95
47
65
5
83
44
74
31
54
9
76
89
69
86
36
95
51
78
92
11
33
41
47
31
2
62
99
35
92
5
75
100
52
51
77
10
39
85
85
15
15
53
71
27
37
64
2
9
12
88
80
51
89
29
71
6
27
8
49
20
95
11
5
99
35
64
61
72
61
60
36
62
93
12
70
96
40
17
57
39
4
32
85
22
61
51
8
91
74
69
43
41
87
77
63
32
36
9
48
78
70
42
60
80
57
90
48
37
41
86
56
11
44
76
41
61
20
59
92
6
71
22
17
6
75
23
81
22
55
36
23
45
50
1
37
75
15
30
14
1
98
12
71
59
36
56
2
67
56
25
99
65
31
78
81
42
62
58
96
40
28
96
97
65
7
50
88
95
43
70
99
48
11
29
24
28
45
53
21
26
63
5
93
14
8
32
60
19
25
49
8
39
86
85
48
22
86
75
80
61
52
98
98
64
57
99
98
98
65
46
75
49
51
10
4
40
99
63
53
93
73
1
70
41
40
74
37
74
74
99
64
58
14
63
33
100
19
25
58
9
22
57
28
13
1
94
76
38
28
28
96
20
72
24
23
31
1
42
86
1
65
37
85
100
47
47
57
81
90
4
22
39
10
19
67
34
1
82
32
68
88
41
73
39
61
95
88
2
49
9
68
68
76
89
34
35
54
73
18
13
42
43
46
27
58
47
66
7
20
37
83
48
52
18
6
34
67
15
69
7
29
27
94
85
88
10
95
89
100
20
87
5
43
55
85
13
69
26
71
89
92
77
23
5
61
10
88
60
90
59
33
54
52
56
3
48
26
3
2
9
32
64
32
27
73
54
29
59
58
59
42
19
74
67
34
70
3
1
23
83
16
74
20
24
59
82
6
6
8
45
2
44
70
64
37
71
31
48
20
37
60
42
49
38
49
59
40
86
75
8
1
95
96
69
52
23
66
47
14
46
85
42
24
23
95
26
99
16
62
44
47
98
38
43
100
26
57
36
73
71
87
51
82
36
39
99
71
54
75
78
47
70
72
38
71
38
41
46
44
62
54
59
57
83
2
34
60
72
75
70
70
97
99
54
84
31
68
73
69
37
76
17
45
43
88
55
83
42
65
14
77
35
76
30
33
72
77
94
87
18
74
43
19
17
93
1
60
83
52
37
54
81
47
64
50
42
31
72
82
50
70
31
28
29
51
88
78
50
62
33
25
16
62
97
74
42
43
11
86
78
89
43
22
53
59
96
34
76
88
71
18
63
41
46
40
33
60
51
94
35
50
64
97
72
75
17
63
71
89
17
36
37
81
1
95
4
45
32
4
8
89
26
75
46
7
43
61
63
89
74
13
24
83
1
50
50
97
1
4
6
30
83
93
56
89
16
23
92
56
79
73
73
22
49
78
18
70
23
26
72
10
59
36
61
33
52
17
53
72
32
42
78
5
99
11
72
72
80
16
64
24
33
25
27
56
47
94
20
30
11
70
68
16
38
46
23
98
99
67
92
5
9
33
48
57
100
89
31
84
75
46
13
51
43
63
85
87
54
99
50
55
95
64
73
36
23
29
2
9
36
95
54
10
68
42
57
51
45
29
99
75
6
3
29
39
87
62
38
92
26
79
25
85
99
57
72
42
63
91
62
95
11
12
19
13
75
78
53
26
69
13
87
34
39
9
50
59
40
69
28
13
24
10
28
31
30
96
60
25
94
12
70
61
46
41
4
56
3
81
7
27
35
39
72
55
82
22
80
79
60
74
22
98
61
12
85
85
23
47
54
7
38
79
36
91
53
70
44
63
43
66
97
71
74
77
39
82
47
46
25
46
10
20
76
23
30
42
91
9
90
25
51
40
50
94
4
80
91
63
42
61
35
15
84
99
24
3
59
68
65
95
11
63
15
20
51
68
16
58
2
82
52
45
73
81
8
59
43
96
28
34
57
91
32
1
82
2
30
1
9
30
21
49
47
15
10
63
65
70
50
99
75
48
10
46
88
86
87
73
18
28
38
7
24
9
80
20
57
56
39
19
12
39
10
59
34
99
70
35
71
13
2
28
47
14
86
42
83
54
80
12
49
30
61
55
13
74
34
41
92
20
17
95
13
68
65
2
88
10
19
4
42
57
91
2
51
36
62
78
52
73
92
23
88
39
25
26
12
25
22
74
46
4
60
34
60
35
6
83
13
30
9
79
47
51
8
21
94
98
17
61
65
96
24
31
54
4
71
28
16
5
77
78
40
20
59
40
8
37
12
100
69
30
59
52
99
77
92
49
42
22
88
8
21
69
98
35
65
79
17
33
17
3
57
1
85
95
66
18
70
56
4
67
78
52
20
7
19
92
28
36
36
20
44
100
9
70
92
21
48
98
89
49
97
98
92
9
99
57
33
49
37
7
20
36
50
4
74
63
14
34
31
86
28
19
84
35
43
5
6
30
1
37
87
47
24
83
37
31
21
80
35
44
35
74
65
13
83
51
85
21
47
49
93
16
71
43
38
82
11
2
48
6
98
61
88
43
36
100
80
55
65
24
77
18
68
80
1
88
7
2
88
75
89
79
17
95
70
15
7
57
30
3
98
51
48
32
41
42
81
29
41
64
1
74
99
38
44
96
74
71
93
55
27
91
72
84
84
51
68
81
62
67
13
53
91
35
49
50
79
74
1
36
14
96
98
2
48
9
25
88
27
25
37
19
79
98
39
91
61
94
2
74
42
1
83
59

2000
